9.962136149406433105e-01
5.820657610893249512e-01
3.375949144363403320e+00
2.836753726005554199e-01
7.293290495872497559e-01
8.666040301322937012e-01
8.700672984123229980e-01
8.457397818565368652e-01
8.075347542762756348e-01
7.537776231765747070e-01
6.668754220008850098e-01
5.369172692298889160e-01
3.442164063453674316e-01
8.233930170536041260e-02
1.750696897506713867e-01
5.441564694046974182e-02
1.782771050930023193e-01
1.887467652559280396e-01
9.129877388477325439e-02
5.297059193253517151e-02
6.351541727781295776e-02
3.985759988427162170e-02
9.455353021621704102e-02
8.113438636064529419e-02
1.883141323924064636e-02
3.702786937355995178e-02
3.119068406522274017e-02
4.738923907279968262e-02
1.288768369704484940e-02
1.952184922993183136e-02
3.521667420864105225e-02
1.719421707093715668e-02
3.979555517435073853e-02
3.531263675540685654e-03
3.592140972614288330e-02
1.002256013453006744e-02
5.552228540182113647e-03
4.141797870397567749e-02
3.818949684500694275e-02
7.290575187653303146e-03
4.123146831989288330e-02
1.066914666444063187e-02
5.923094972968101501e-02
4.655103757977485657e-02
2.989879250526428223e-02
3.560207411646842957e-02
2.747830562293529510e-02
2.043350413441658020e-02
2.837697230279445648e-02
3.802314633503556252e-03
3.394294902682304382e-02
1.161616016179323196e-02
2.805517613887786865e-02
4.171446897089481354e-03
2.018121257424354553e-02
2.173296920955181122e-02
1.028315443545579910e-02
3.743296489119529724e-02
2.955060638487339020e-02
1.660660281777381897e-02
1.428377535194158554e-02
1.968690427020192146e-03
1.021096669137477875e-02
2.484254166483879089e-02
1.188440155237913132e-02
2.682649530470371246e-02
5.245538894087076187e-03
8.642661385238170624e-03
8.541138842701911926e-03
2.997434325516223907e-02
1.420818176120519638e-02
4.556279629468917847e-02
4.064464196562767029e-02
1.315371226519346237e-02
3.299620747566223145e-02
1.251336093991994858e-02
1.420618128031492233e-02
1.310790330171585083e-02
1.700129359960556030e-02
2.893915632739663124e-03
1.249383203685283661e-02
2.952217683196067810e-02
3.420383855700492859e-02
4.199940711259841919e-03
2.955469861626625061e-02
1.645967178046703339e-02
3.853625431656837463e-02
4.573597386479377747e-02
1.599306985735893250e-02
2.811935730278491974e-02
1.797540672123432159e-02
1.369854249060153961e-02
2.218534611165523529e-02
1.121769286692142487e-02
1.046555954962968826e-02
2.325767278671264648e-02
2.554301545023918152e-02
7.340816315263509750e-03
2.157986909151077271e-02
9.617237374186515808e-03
2.910871990025043488e-02
1.849407516419887543e-02
2.073251642286777496e-02
2.306749112904071808e-02
2.201955579221248627e-02
2.536614239215850830e-02
9.149599820375442505e-03
2.744246507063508034e-03
1.105452701449394226e-02
1.674722321331501007e-02
3.501071361824870110e-03
1.472681947052478790e-02
6.298131775110960007e-03
1.110466010868549347e-02
6.546229589730501175e-03
1.538380049169063568e-02
7.986743934452533722e-03
2.135255374014377594e-02
3.055508015677332878e-03
1.625831797719001770e-02
7.523473817855119705e-03
2.174826338887214661e-02
2.939917845651507378e-03
4.372409544885158539e-03
3.165807574987411499e-02
2.477355860173702240e-02
2.045924216508865356e-02
1.767645776271820068e-02
2.714442647993564606e-02
2.901691570878028870e-02
7.222937420010566711e-03
1.924959127791225910e-03
2.852004766464233398e-02
2.257557772099971771e-02
9.748049080371856689e-03
3.154440084472298622e-03
1.222281996160745621e-02
8.677139878273010254e-03
7.195596117526292801e-03
1.354609895497560501e-02
3.099953290075063705e-03
8.577066473662853241e-03
1.805172674357891083e-02
1.120540220290422440e-02
3.227730467915534973e-02
3.082663007080554962e-02
9.901233948767185211e-03
1.485758274793624878e-02
5.090046208351850510e-03
6.247861310839653015e-03
9.098318405449390411e-03
4.164800047874450684e-03
4.270239267498254776e-03
5.612634588032960892e-03
5.468416493386030197e-03
3.147096373140811920e-03
1.242132391780614853e-02
1.678113080561161041e-02
1.915905252099037170e-02
1.803258433938026428e-02
1.394746452569961548e-02
2.800331450998783112e-02
2.244240790605545044e-02
2.709010150283575058e-03
2.618855424225330353e-02
3.193423524498939514e-02
2.553889900445938110e-02
1.124834176152944565e-02
7.662349846214056015e-03
8.867859840393066406e-03
8.258269168436527252e-03
1.480468735098838806e-02
8.034271188080310822e-03
1.260566525161266327e-02
7.419719826430082321e-03
1.236860826611518860e-02
4.707655869424343109e-03
3.938414622098207474e-03
5.993809551000595093e-03
1.012056507170200348e-02
1.515157055109739304e-03
1.139241084456443787e-02
1.651093177497386932e-02
3.716062754392623901e-03
4.090095311403274536e-02
4.745252430438995361e-02
2.539800852537155151e-02
2.108078077435493469e-02
2.785302139818668365e-02
7.689335383474826813e-03
2.813722006976604462e-02
1.537512429058551788e-02
1.468480564653873444e-02
1.444722153246402740e-02
2.335291542112827301e-02
2.858788147568702698e-02
3.783051157370209694e-03
2.291577681899070740e-02
9.156676009297370911e-03
3.561928495764732361e-02
4.303742200136184692e-02
1.954648457467556000e-02
3.634097054600715637e-02
5.021606385707855225e-02
2.325977012515068054e-02
3.348891064524650574e-02
5.176886543631553650e-02
4.078711569309234619e-02
2.599627943709492683e-03
3.177674114704132080e-02
2.933724038302898407e-02
5.762731656432151794e-03
2.811015583574771881e-02
2.777650021016597748e-02
1.539690978825092316e-02
2.991209737956523895e-03
8.688409812748432159e-03
1.040035486221313477e-02
1.201495435088872910e-02
8.299629203975200653e-03
8.478876203298568726e-03
6.426274310797452927e-03
1.428723428398370743e-02
1.224326994270086288e-02
5.673432257026433945e-03
8.841712959110736847e-03
1.295427046716213226e-02
7.060685660690069199e-03
5.282374564558267593e-03
1.548018772155046463e-02
1.263303868472576141e-02
2.908793510869145393e-03
1.131336949765682220e-02
1.113058160990476608e-02
2.527676988393068314e-03
1.557246409356594086e-02
1.325738802552223206e-02
8.162964135408401489e-03
4.337706603109836578e-03
1.213838160037994385e-02
4.888680996373295784e-04
2.503229537978768349e-03
2.219190262258052826e-02
1.644804142415523529e-02
1.670822128653526306e-02
1.919772103428840637e-02
8.022517897188663483e-03
1.217424124479293823e-02
8.534251712262630463e-03
4.211524967104196548e-03
2.746976912021636963e-02
2.963780984282493591e-02
6.667453330010175705e-03
2.696853131055831909e-02
2.862349897623062134e-02
4.878945648670196533e-03
2.719158679246902466e-02
2.854119800031185150e-02
1.333178672939538956e-02
6.022213492542505264e-03
7.717560976743698120e-03
8.652611635625362396e-03
1.008354686200618744e-02
3.493801224976778030e-03
4.087417386472225189e-03
9.119395166635513306e-03
1.546196453273296356e-02
6.425873376429080963e-03
1.404147129505872726e-02
2.323879627510905266e-03
2.409680560231208801e-02
2.524218708276748657e-02
3.011986147612333298e-03
1.167436409741640091e-02
1.021854020655155182e-02
5.139906425029039383e-03
5.932998843491077423e-03
1.033656205981969833e-02
1.602066494524478912e-02
1.678708754479885101e-02
7.951968349516391754e-03
1.876591704785823822e-02
1.024316996335983276e-02
1.669325679540634155e-02
1.834786869585514069e-02
8.123207837343215942e-03
2.602537628263235092e-03
1.567381620407104492e-02
1.424930803477764130e-02
5.288439802825450897e-03
6.409778725355863571e-03
9.372627362608909607e-03
2.349799126386642456e-02
1.858438923954963684e-02
1.324581634253263474e-02
1.732430607080459595e-02
5.152630154043436050e-03
1.304547954350709915e-02
7.270121015608310699e-03
4.237895365804433823e-03
8.083049207925796509e-03
7.313665002584457397e-03
9.498401544988155365e-03
1.066609751433134079e-02
1.218433491885662079e-02
1.796462340280413628e-03
8.740383200347423553e-03
6.128439214080572128e-03
1.003532484173774719e-02
5.977370776236057281e-03
1.877065375447273254e-02
7.511221803724765778e-03
2.568682841956615448e-02
2.568897977471351624e-02
5.259875208139419556e-03
1.916548423469066620e-02
9.997573681175708771e-03
2.312636934220790863e-03
3.905721474438905716e-03
1.445188093930482864e-02
9.388187900185585022e-03
1.315066870301961899e-02
1.681507565081119537e-02
3.470307681709527969e-03
2.872400172054767609e-02
2.999794669449329376e-02
9.897262789309024811e-03
1.628834940493106842e-02
1.594094559550285339e-02
8.376096375286579132e-03
1.424392499029636383e-02
1.923314994201064110e-03
4.492620471864938736e-03
1.276993006467819214e-02
4.240687936544418335e-03
3.146669361740350723e-03
8.743215352296829224e-03
9.996554814279079437e-03
5.163803696632385254e-03
1.171485055238008499e-02
1.262705307453870773e-02
6.019305437803268433e-03
4.812394268810749054e-03
3.882684744894504547e-03
6.404914893209934235e-03
1.575657911598682404e-02
4.500039387494325638e-03
1.704203337430953979e-02
1.030723843723535538e-02
1.828905753791332245e-02
2.140185050666332245e-02
2.515837782993912697e-03
3.951088991016149521e-03
1.406952086836099625e-02
1.115960162132978439e-02
9.581952355802059174e-03
4.304776899516582489e-03
2.068587765097618103e-02
2.147885598242282867e-02
1.215044525451958179e-03
4.320826381444931030e-03
1.429666113108396530e-02
1.228950172662734985e-02
7.730772253125905991e-03
2.638689475134015083e-03
2.085198648273944855e-02
2.097674831748008728e-02
7.895440212450921535e-04
4.218323156237602234e-03
1.442684791982173920e-02
1.263071037828922272e-02
7.198624312877655029e-03
2.723253332078456879e-03
1.994741335511207581e-02
2.005596086382865906e-02
9.177069296129047871e-04
3.509070491418242455e-03
1.620643027126789093e-02
1.480652764439582825e-02
5.405863747000694275e-03
2.601240994408726692e-03
1.795334741473197937e-02
1.630042679607868195e-02
5.105871241539716721e-03
4.599474836140871048e-03
1.601090095937252045e-02
1.513529848307371140e-02
5.140125285834074020e-03
3.943929448723793030e-03
1.663251407444477081e-02
1.578100398182868958e-02
4.463123157620429993e-03
2.888207091018557549e-03
1.862902007997035980e-02
1.839370280504226685e-02
1.757985679432749748e-03
1.879645395092666149e-03
2.055358141660690308e-02
2.026303671300411224e-02
2.028943737968802452e-03
2.106233499944210052e-03
1.835214905440807343e-02
1.571272313594818115e-02
5.965755786746740341e-03
8.625948801636695862e-03
8.336137980222702026e-03
7.380655501037836075e-03
9.790157899260520935e-03
6.687891203910112381e-03
1.255357358604669571e-02
1.091359928250312805e-02
9.015216492116451263e-03
7.174364756792783737e-03
1.439665444195270538e-02
1.546160783618688583e-02
2.165555488318204880e-03
3.551885485649108887e-03
1.332828029990196228e-02
1.201406307518482208e-02
5.305784288793802261e-03
1.407378236763179302e-03
1.796236075460910797e-02
1.684422418475151062e-02
2.452000509947538376e-03
2.791701117530465126e-03
1.660583913326263428e-02
1.633161306381225586e-02
1.631562481634318829e-03
3.391575766727328300e-03
1.323777902871370316e-02
1.227237842977046967e-02
4.430569708347320557e-03
2.014281693845987320e-03
1.530176866799592972e-02
1.371802575886249542e-02
4.537649452686309814e-03
3.129552351310849190e-03
1.580952852964401245e-02
1.575443334877490997e-02
1.722141169011592865e-03
2.491572871804237366e-03
1.595471985638141632e-02
1.587893627583980560e-02
1.420076354406774044e-03
1.788032823242247105e-03
1.676114648580551147e-02
1.633775979280471802e-02
1.596097252331674099e-03
2.194208325818181038e-03
1.805892586708068848e-02
1.754048094153404236e-02
2.488278318196535110e-03
4.407076165080070496e-03
4.168563988059759140e-03
4.006735049188137054e-03
6.745453923940658569e-03
1.071101333945989609e-02
2.278754487633705139e-03
6.921518128365278244e-03
1.719287130981683731e-03
5.790091119706630707e-03
3.717885585501790047e-03
2.482051961123943329e-03
1.423521898686885834e-02
1.298855617642402649e-02
3.365150187164545059e-03
4.241478163748979568e-03
5.390224047005176544e-03
2.868311945348978043e-03
1.558744069188833237e-02
1.758319512009620667e-02
9.302984923124313354e-03
2.081567188724875450e-03
8.237604983150959015e-03
7.166689727455377579e-03
4.561659414321184158e-03
2.663598163053393364e-03
1.528659835457801819e-02
1.580002345144748688e-02
2.220883499830961227e-03
6.474331486970186234e-03
4.088466987013816833e-03
3.343576565384864807e-03
7.910363376140594482e-03
7.836722768843173981e-03
2.458954928442835808e-03
6.858168169856071472e-03
8.519373834133148193e-03
7.957628928124904633e-03
5.209626629948616028e-03
1.019961666315793991e-02
5.632845684885978699e-03
3.738305764272809029e-03
8.039214648306369781e-03
4.114689305424690247e-03
4.032362718135118484e-03
1.155050937086343765e-02
9.064484387636184692e-03
4.405576735734939575e-03
3.743629902601242065e-03
