8.466508388519287109e-01
4.463385939598083496e-01
3.496929168701171875e+00
3.026994764804840088e-01
6.217458844184875488e-01
7.225927710533142090e-01
7.182739377021789551e-01
6.945441961288452148e-01
6.584271192550659180e-01
6.128239035606384277e-01
5.499317049980163574e-01
4.652271568775177002e-01
3.471690118312835693e-01
1.774778813123703003e-01
2.021440863609313965e-01
1.600530445575714111e-01
1.216231137514114380e-01
1.320262998342514038e-01
1.001722365617752075e-01
7.196746766567230225e-02
7.671562582254409790e-02
6.246654316782951355e-02
7.114203274250030518e-02
5.585721135139465332e-02
4.449798166751861572e-02
5.304120108485221863e-02
2.687765657901763916e-02
3.669289872050285339e-02
2.577533572912216187e-02
2.831231430172920227e-02
2.266886457800865173e-02
1.380775589495897293e-02
3.189545497298240662e-02
1.668299548327922821e-02
2.286368981003761292e-02
2.674369141459465027e-02
7.368218619376420975e-03
4.858840256929397583e-02
5.516863986849784851e-02
3.204642608761787415e-02
3.537005558609962463e-02
2.874008193612098694e-02
3.865211829543113708e-02
3.137365728616714478e-02
2.495776489377021790e-02
2.760082483291625977e-02
1.744020357728004456e-02
1.492238324135541916e-02
2.480641938745975494e-02
1.141955517232418060e-02
2.217456512153148651e-02
1.214236021041870117e-02
2.158429473638534546e-02
1.514166686683893204e-02
1.320389471948146820e-02
2.612620592117309570e-02
1.606500893831253052e-02
2.967224456369876862e-02
2.768804132938385010e-02
1.365966349840164185e-02
9.955750778317451477e-03
4.475153516978025436e-03
1.468850579112768173e-02
1.512729469686746597e-02
1.066002156585454941e-02
1.750482991337776184e-02
9.203677996993064880e-03
1.062081009149551392e-02
8.583846502006053925e-03
1.823422871530056000e-02
8.110369555652141571e-03
3.352122753858566284e-02
3.193739429116249084e-02
1.532754953950643539e-02
2.227327786386013031e-02
2.334816195070743561e-02
1.384517829865217209e-02
2.553232200443744659e-02
2.925932593643665314e-02
6.909237708896398544e-03
3.402511030435562134e-02
3.616318479180335999e-02
2.499689161777496338e-02
1.644991897046566010e-02
2.714587189257144928e-02
1.533820759505033493e-02
2.606340683996677399e-02
3.297207877039909363e-02
1.743883267045021057e-02
2.216533385217189789e-02
2.683925442397594452e-02
2.100360579788684845e-02
1.544743403792381287e-02
2.455314248800277710e-02
1.441307645291090012e-02
2.554768137633800507e-02
3.354797512292861938e-02
1.923703216016292572e-02
2.288105897605419159e-02
2.515118010342121124e-02
1.929207891225814819e-02
1.699705049395561218e-02
2.151603437960147858e-02
1.815116964280605316e-02
1.446268986910581589e-02
1.662246510386466980e-02
9.004386141896247864e-03
9.729851968586444855e-03
6.323219276964664459e-03
1.482375618070363998e-02
4.858418367803096771e-03
1.030051801353693008e-02
7.912453263998031616e-03
1.418686099350452423e-02
8.875490166246891022e-03
2.112611010670661926e-02
1.932128518819808960e-02
1.312162633985280991e-02
1.541157346218824387e-02
1.446770131587982178e-02
9.734033606946468353e-03
1.295620109885931015e-02
6.978243589401245117e-03
5.334049928933382034e-03
1.990833133459091187e-02
1.552071794867515564e-02
1.605165190994739532e-02
1.412581745535135269e-02
1.698197238147258759e-02
1.814278960227966309e-02
6.825484801083803177e-03
2.369117224588990211e-03
2.013291977345943451e-02
1.788692735135555267e-02
8.519656024873256683e-03
1.408480294048786163e-02
9.589582681655883789e-03
1.675527915358543396e-02
1.515001803636550903e-02
1.074824202805757523e-02
1.218174863606691360e-02
8.752338588237762451e-03
1.207825541496276855e-02
5.668810568749904633e-03
2.429004386067390442e-02
2.340985834598541260e-02
5.634136497974395752e-03
1.213612128049135208e-02
7.063531316816806793e-03
1.554516144096851349e-02
1.507944706827402115e-02
5.388381425291299820e-03
2.543180016800761223e-03
1.995193585753440857e-02
2.080646902322769165e-02
2.587556140497326851e-03
3.514339402318000793e-02
4.670693352818489075e-02
3.501349315047264099e-02
1.077459938824176788e-02
3.089313954114913940e-02
4.612437263131141663e-02
3.946402668952941895e-02
1.436178572475910187e-02
2.704359404742717743e-02
4.419617354869842529e-02
4.153646528720855713e-02
2.078141830861568451e-02
1.696394383907318115e-02
3.119985014200210571e-02
2.769002318382263184e-02
1.182606909424066544e-02
2.170355990529060364e-02
3.170579671859741211e-02
1.935861632227897644e-02
1.039638929069042206e-02
1.940099336206912994e-02
1.405400410294532776e-02
8.265580050647258759e-03
1.128020416945219040e-02
3.396625630557537079e-03
5.677436944097280502e-03
1.343138422816991806e-02
3.983332309871912003e-03
2.676551416516304016e-02
3.229896351695060730e-02
1.971807703375816345e-02
1.709215156733989716e-02
2.213158831000328064e-02
1.270501408725976944e-02
1.724231429398059845e-02
1.408931426703929901e-02
1.650819927453994751e-02
1.187168899923563004e-02
1.737077534198760986e-02
1.956294849514961243e-02
8.443949045613408089e-04
1.778827421367168427e-02
8.629257790744304657e-03
2.266686782240867615e-02
2.769322134554386139e-02
1.162002608180046082e-02
2.667454443871974945e-02
3.605640307068824768e-02
1.765754818916320801e-02
2.130222134292125702e-02
3.372063487768173218e-02
2.608069591224193573e-02
4.133807960897684097e-03
2.496408484876155853e-02
2.584006823599338531e-02
8.492914028465747833e-03
2.062743343412876129e-02
2.718113362789154053e-02
2.286459319293498993e-02
9.421659633517265320e-03
1.998435892164707184e-02
2.820097841322422028e-02
1.970951445400714874e-02
5.417914129793643951e-03
1.669247448444366455e-02
1.201676111668348312e-02
1.061600260436534882e-02
1.263810787349939346e-02
5.771310068666934967e-03
9.463849477469921112e-03
7.890283130109310150e-03
8.434698916971683502e-03
6.554406601935625076e-03
1.061008591204881668e-02
1.155633106827735901e-02
4.159151576459407806e-03
1.500678248703479767e-02
1.469572819769382477e-02
3.305287333205342293e-03
1.114214956760406494e-02
8.904838934540748596e-03
7.735033053904771805e-03
7.540873717516660690e-03
6.529774051159620285e-03
8.465445600450038910e-03
2.444696146994829178e-03
1.381358318030834198e-02
9.115470573306083679e-03
1.495086774230003357e-02
1.560398191213607788e-02
5.239379592239856720e-03
6.423941347748041153e-03
9.946188889443874359e-03
4.224920179694890976e-03
1.802519336342811584e-02
1.875837333500385284e-02
4.390928894281387329e-03
2.028343454003334045e-02
2.185550145804882050e-02
8.665240369737148285e-03
1.651730574667453766e-02
2.050616405904293060e-02
1.722985133528709412e-02
1.105908397585153580e-02
1.258643716573715210e-02
1.728592440485954285e-02
8.835867047309875488e-03
1.474975887686014175e-02
1.987547799944877625e-02
1.130835060030221939e-02
1.190366037189960480e-02
1.474915165454149246e-02
1.264288835227489471e-02
7.270671427249908447e-03
1.458487194031476974e-02
1.510868035256862640e-02
2.027890644967556000e-03
1.449381653219461441e-02
1.567575521767139435e-02
4.351815208792686462e-03
1.750803366303443909e-02
2.306488342583179474e-02
1.866549812257289886e-02
9.685454890131950378e-03
1.226208917796611786e-02
1.861515268683433533e-02
1.049465779215097427e-02
9.899530559778213501e-03
1.497761625796556473e-02
1.212722156196832657e-02
3.936808556318283081e-03
1.768602244555950165e-02
1.897841691970825195e-02
7.420670706778764725e-03
1.434385869652032852e-02
1.603777706623077393e-02
1.563727296888828278e-02
1.062453445047140121e-02
1.127917226403951645e-02
1.450892165303230286e-02
6.281271576881408691e-03
8.665094152092933655e-03
1.231400948017835617e-02
7.273476105183362961e-03
9.455153718590736389e-03
1.169731095433235168e-02
8.371466770768165588e-03
6.195070687681436539e-03
8.312742225825786591e-03
3.646786557510495186e-03
1.243209931999444962e-02
1.304654497653245926e-02
8.669535629451274872e-03
5.718967877328395844e-03
1.079041231423616409e-02
3.171029733493924141e-03
1.931421831250190735e-02
1.944977603852748871e-02
9.746430441737174988e-03
1.141228526830673218e-02
1.138334721326828003e-02
1.430749148130416870e-02
4.653334617614746094e-03
1.710385270416736603e-02
2.068335562944412231e-02
1.573975943028926849e-02
1.369785983115434647e-02
7.066816091537475586e-03
1.733172126114368439e-02
1.825667731463909149e-02
6.990312132984399796e-03
1.461486984044313431e-02
1.316768489778041840e-02
1.476849429309368134e-02
1.348063535988330841e-02
4.491295665502548218e-03
5.834713578224182129e-03
7.376838009804487228e-03
4.380570258945226669e-03
1.837773597799241543e-03
6.539005320519208908e-03
7.349883671849966049e-03
1.696735387668013573e-03
1.108013279736042023e-02
1.445759925991296768e-02
1.032669190317392349e-02
1.092416234314441681e-03
1.088600791990756989e-02
5.227278452366590500e-03
1.131576020270586014e-02
6.375725381076335907e-03
1.490964181721210480e-02
1.113753765821456909e-02
1.153380237519741058e-02
1.333968993276357651e-02
5.528726149350404739e-03
5.377447232604026794e-03
1.313140708953142166e-02
1.165473740547895432e-02
8.949691429734230042e-03
7.322942372411489487e-03
1.304341666400432587e-02
1.330697350203990936e-02
5.897022783756256104e-03
5.304649006575345993e-03
1.344172656536102295e-02
1.223257463425397873e-02
7.589208427816629410e-03
6.250931415706872940e-03
1.324353460222482681e-02
1.301732659339904785e-02
5.781924817711114883e-03
5.088625010102987289e-03
1.319446973502635956e-02
1.167569123208522797e-02
7.689515128731727600e-03
6.318467669188976288e-03
1.344516407698392868e-02
1.312398537993431091e-02
5.405000410974025726e-03
4.625607281923294067e-03
1.370154228061437607e-02
1.247463654726743698e-02
6.449078675359487534e-03
5.621370859444141388e-03
1.255260221660137177e-02
1.116389222443103790e-02
7.615113165229558945e-03
6.849650293588638306e-03
1.140082534402608871e-02
1.037848275154829025e-02
7.816784083843231201e-03
6.596635095775127411e-03
1.190366409718990326e-02
1.141779590398073196e-02
6.140290759503841400e-03
4.657914396375417709e-03
1.370931044220924377e-02
1.331269741058349609e-02
3.857802832499146461e-03
2.402831567451357841e-03
1.545067969709634781e-02
1.484711654484272003e-02
2.355358563363552094e-03
2.061406616121530533e-03
1.271305326372385025e-02
9.575470350682735443e-03
1.002302765846252441e-02
1.046555675566196442e-02
6.067032460123300552e-03
4.727530293166637421e-03
1.252633240073919296e-02
1.135329902172088623e-02
6.799516733735799789e-03
6.817656103521585464e-03
9.362873621284961700e-03
7.648849394172430038e-03
9.942456148564815521e-03
9.522399865090847015e-03
7.321621291339397430e-03
6.207172293215990067e-03
1.073911599814891815e-02
1.031366735696792603e-02
6.142856553196907043e-03
4.816294647753238678e-03
1.193739194422960281e-02
1.116979401558637619e-02
5.037029273808002472e-03
3.975154832005500793e-03
1.218142732977867126e-02
1.099985092878341675e-02
5.785744637250900269e-03
5.347479600459337234e-03
1.062588486820459366e-02
9.572229348123073578e-03
6.717096548527479172e-03
5.778921302407979965e-03
1.047252304852008820e-02
9.714739397168159485e-03
6.258713547140359879e-03
5.183497443795204163e-03
1.110436115413904190e-02
1.065358147025108337e-02
4.915306810289621353e-03
3.743457607924938202e-03
1.231791637837886810e-02
1.166435144841670990e-02
3.936411812901496887e-03
2.937602344900369644e-03
1.297094020992517471e-02
1.239658705890178680e-02
2.960932906717061996e-03
1.774055883288383484e-03
1.418282650411128998e-02
1.379925664514303207e-02
1.274477108381688595e-03
1.282089622691273689e-03
6.322441622614860535e-03
4.505901131778955460e-03
4.584190901368856430e-03
5.385921336710453033e-03
2.116486197337508202e-03
4.359155893325805664e-03
5.384456366300582886e-03
2.012945711612701416e-03
4.539637360721826553e-03
2.360909013077616692e-03
7.881189696490764618e-03
8.746363222599029541e-03
4.978477023541927338e-03
7.095271255820989609e-03
8.628653362393379211e-03
3.137141698971390724e-03
9.113832376897335052e-03
1.165139209479093552e-02
8.307269774377346039e-03
3.392915008589625359e-03
1.214375905692577362e-02
1.240578014403581619e-02
5.063104443252086639e-03
7.323631551116704941e-03
9.431107901036739349e-03
8.759677410125732422e-03
1.636840635910630226e-03
8.847719058394432068e-03
5.844941362738609314e-03
8.871977217495441437e-03
7.075190544128417969e-03
6.891735829412937164e-03
4.311345517635345459e-03
4.293143749237060547e-03
3.729177638888359070e-03
7.156278006732463837e-03
5.566792562603950500e-03
5.993123631924390793e-03
6.886708084493875504e-03
5.812228191643953323e-03
6.426288280636072159e-03
5.335320252925157547e-03
5.902416072785854340e-03
5.736040417104959488e-03
4.571934230625629425e-03
6.273288745433092117e-03
4.953817930072546005e-03
